// just for tests

b = [ 1  1  1  0  0  0  0  0; ...
      1  1  0  0  0  0  0  0; ...
      1  1  0  0  0  0  0  0; ...
      1  0  0  1  1  0  0  0; ...
      0  0  0  1  1  0  0  0; ...
      0  0  0  0  0  0  0  0; ...
      0  0  0  0  -1  0  0  0; ...
      0  0  0  0  0  0  0  0 ]

s = [ 0  0  0  0  0  0  0  0; ...
      0  0  0  0  0  0  0  0; ...
      0  0  0  0  0  0  0  0; ...
      0  0  0  0  1  0  0  0; ...
      0  0  0 -1  0  0  0  0; ...
      0  1 -1 -1  0  0  0  0; ...
      0  0  1 -1  0  0  0  0; ...
      0  0  1  0 -1 -1 -1  0 ]

b = [ 1  1  1  1  1  1  1  1; ...
      1  1  1  1  1  1  1  1; ...
      1  1  0  0  0  0  1  1; ...
      1  1  0  0  0  0  1  1; ...
      1  1  0  0  0  0  1  1; ...
      1  1  0  0  0  0  1  1; ...
      1  1  1  1  1  1  1  1; ...
      1  1  1  1  1  1  1  1;]

mask = [ 1  1  1  1  1  1  1  1; ...
      1  1  1  1  1  1  1  1; ...
      1  1  0  0  0  0  1  1; ...
      1  1  0  0  0  0  1  1; ...
      1  1  0  0  0  0  1  1; ...
      1  1  0  0  0  0  1  1; ...
      1  1  1  1  1  1  1  1; ...
      1  1  1  1  1  1  1  1;]

b(b==-color)=0;
diff = sum(sum(b-mask*color))

if (diff < 5)
ValueOfEvaporation = 1;
else
ValueOfEvaporation = 0;
end